7 93
0001000
0001000
0001000
0001000
0001000
0001000
0011100
0011100
0010100
0011100
0010100
0011100
0011100
0001000
0001000
0001000
0001000
0001000
0011100
0111110
0111110
1111111
1101011
0110110
0011100
0001000
0011100
0011100
0001000
0011100
0001000
0001000
0011000
0011000
0111000
0101000
1101000
1001000
1101000
0001000
0110000
0110000
0110000
0011000
0011000
0000000
0001100
0001100
0000000
0000110
0000110
0000000
0000110
0001110
0011100
0111110
0110110
0110110
0110110
0110110
0110110
1100011
1100011
0000000
0011100
0011100
0000000
0000000
0011100
0011100
0000000
0000000
0001000
0001000
0000000
0000000
0011100
0000000
0000000
0001000
0011100
0001000
0000000
0001000
0001000
0001000
0010100
0100010
0100010
1000001
0100010
0001000
0010100














